Ver2: Longitudinal Change Prediction - 데이터 요약
================================================================================

총 Paired visits: 4,896개
참여자 수: 4,068명
특성 수: 103개

       time_gap_days  간식빈도_before   간식빈도_after  간식빈도_change  간식빈도_change_pct  고지방 육류_before  고지방 육류_after  고지방 육류_change  고지방 육류_change_pct    단맛_before     단맛_after    단맛_change  단맛_change_pct  단백질류_before   단백질류_after  단백질류_change  단백질류_change_pct    곡류_before     곡류_after    곡류_change  곡류_change_pct    과일_before     과일_after    과일_change  과일_change_pct   유제품_before    유제품_after   유제품_change  유제품_change_pct   음료류_before    음료류_after   음료류_change  음료류_change_pct  인스턴트 가공식품_before  인스턴트 가공식품_after  인스턴트 가공식품_change  인스턴트 가공식품_change_pct   짠 간_before    짠 간_after   짠 간_change  짠 간_change_pct  짠 식습관_before  짠 식습관_after  짠 식습관_change  짠 식습관_change_pct    채소_before     채소_after    채소_change  채소_change_pct    튀김_before     튀김_after    튀김_change  튀김_change_pct  체중_baseline    체중_change  체중_change_pct     체중_final  체질량지수_baseline  체질량지수_change  체질량지수_change_pct  체질량지수_final  허리둘레(WAIST)_baseline  허리둘레(WAIST)_change  허리둘레(WAIST)_change_pct  허리둘레(WAIST)_final  SBP_baseline   SBP_change  SBP_change_pct    SBP_final  DBP_baseline   DBP_change  DBP_change_pct    DBP_final  TG_baseline    TG_change  TG_change_pct     TG_final  risk_habits_total_change  protective_habits_total_change  net_diet_improvement  간식빈도_change_per_month  고지방 육류_change_per_month  단맛_change_per_month  단백질류_change_per_month  곡류_change_per_month  과일_change_per_month  유제품_change_per_month  음료류_change_per_month  인스턴트 가공식품_change_per_month  짠 간_change_per_month  짠 식습관_change_per_month  채소_change_per_month  튀김_change_per_month  risk_habits_total_change_per_month  protective_habits_total_change_per_month     체중_class  체질량지수_class  허리둘레(WAIST)_class    SBP_class    DBP_class     TG_class
count    4896.000000  4896.000000  4896.000000  4896.000000      4896.000000    4896.000000   4896.000000    4896.000000        4896.000000  4896.000000  4896.000000  4896.000000    4896.000000  4896.000000  4896.000000  4896.000000      4896.000000  4896.000000  4896.000000  4896.000000    4896.000000  4896.000000  4896.000000  4896.000000    4896.000000  4896.000000  4896.000000  4896.000000     4896.000000  4896.000000  4896.000000  4896.000000     4896.000000       4896.000000      4896.000000       4896.000000           4896.000000  4896.000000  4896.000000  4896.000000     4896.000000   4896.000000  4896.000000   4896.000000       4896.000000  4896.000000  4896.000000  4896.000000    4896.000000  4896.000000  4896.000000  4896.000000    4896.000000  4896.000000  4896.000000    4896.000000  4896.000000     4896.000000   4896.000000       4896.000000  4896.000000           4896.000000         4896.000000             4896.000000        4896.000000   4896.000000  4896.000000     4896.000000  4896.000000   4896.000000  4896.000000     4896.000000  4896.000000  4896.000000  4896.000000    4896.000000  4896.000000               4896.000000                     4896.000000           4896.000000            4896.000000              4896.000000          4896.000000            4896.000000          4896.000000          4896.000000           4896.000000           4896.000000                 4896.000000           4896.000000             4896.000000          4896.000000          4896.000000                         4896.000000                               4896.000000  4896.000000  4896.000000        4896.000000  4896.000000  4896.000000  4896.000000
mean      327.260417     1.978554     1.965686    -0.012868         6.392974       1.428717      1.433211       0.004493           7.940155     2.014093     2.000408    -0.013685       3.557326     2.979575     2.993260     0.013685         5.923203     2.185253     2.134600    -0.050654       6.127451     2.150123     2.159518     0.009395       7.019336     1.784722     1.828636     0.043913       12.649782     1.301471     1.295139    -0.006332        5.604916          1.391544         1.372345         -0.019199              5.766612     1.404412     1.392974    -0.011438        5.201525      1.669935     1.648693     -0.021242          5.218546     2.782884     2.807598     0.024714       9.135008     1.337214     1.331291    -0.005923       5.851716    66.266585     0.090217       0.212702    66.356801       23.430903      0.023019          0.175270    23.453922             84.197222            0.096303                0.221807          84.293525    117.065564    -0.675858       -0.081066   116.389706     76.804330    -0.665441       -0.223152    76.138889   112.415850    -0.857026       8.733521   111.558824                 -0.061887                        0.078023              0.139910              -0.001229                 0.000094            -0.001334               0.001303            -0.004740             0.000761              0.004343             -0.000476                   -0.001911             -0.001151               -0.002121             0.002617            -0.000752                           -0.006499                                  0.007722     1.056373     1.003472           0.987745     0.936275     0.893791     1.001430
std        43.168262     0.740862     0.741342     0.648120        42.268308       0.602535      0.604065       0.616077          44.863584     0.548380     0.539360     0.498841      31.518484     0.798103     0.783744     0.785736        36.869096     0.672679     0.663402     0.737087      47.450154     0.766865     0.760680     0.630768      40.968837     0.822947     0.834304     0.768049       53.960763     0.626130     0.616180     0.575780       40.703746          0.612837         0.598980          0.607780             42.170015     0.545249     0.547987     0.522694       38.751896      0.626388     0.621993      0.565214         39.779353     0.903314     0.892685     0.877829      47.367675     0.583788     0.581050     0.561049      40.549339    12.807435     2.405132       3.532797    12.773074        3.267255      0.849500          3.525549     3.243669              9.175737            3.190953                3.797722           8.906851     13.800490    11.551975        9.713276    13.490499     10.414421     8.478730       11.149271    10.159982    74.347731    57.888731      44.946625    70.529170                  1.614430                        1.386952              2.040006               0.062406                 0.059975             0.048051               0.075993             0.070314             0.060860              0.073682              0.056129                    0.059153              0.050585                0.054273             0.083865             0.054657                            0.157266                                  0.132720     0.768698     0.673585           0.685359     0.798379     0.828597     0.738409
min        92.000000     1.000000     1.000000    -2.000000       -66.666667       1.000000      1.000000      -3.000000         -75.000000     1.000000     1.000000    -2.000000     -66.666667     1.000000     1.000000    -3.000000       -75.000000     1.000000     1.000000    -2.000000     -66.666667     1.000000     1.000000    -2.000000     -66.666667     1.000000     1.000000    -2.000000      -66.666667     1.000000     1.000000    -3.000000      -75.000000          1.000000         1.000000         -3.000000            -75.000000     1.000000     1.000000    -2.000000      -66.666667      1.000000     1.000000     -2.000000        -66.666667     1.000000     1.000000    -3.000000     -75.000000     1.000000     1.000000    -2.000000     -66.666667    34.800000   -28.400000     -27.307692    35.400000       14.200000     -9.300000        -27.192982    14.200000             59.000000          -24.000000              -20.512821          59.000000     70.000000   -74.000000      -43.529412    80.000000     50.000000   -36.000000      -36.000000    50.000000    20.000000  -756.000000     -91.304348    21.000000                -12.000000                       -6.000000            -10.000000              -0.303030                -0.428571            -0.300000              -0.357143            -0.400000            -0.357143             -0.303030             -0.337079                   -0.337079             -0.300000               -0.315789            -0.359281            -0.333333                           -1.200000                                 -0.538922     0.000000     0.000000           0.000000     0.000000     0.000000     0.000000
25%       312.000000     1.000000     1.000000     0.000000         0.000000       1.000000      1.000000       0.000000           0.000000     2.000000     2.000000     0.000000       0.000000     2.000000     3.000000     0.000000         0.000000     2.000000     2.000000     0.000000       0.000000     2.000000     2.000000     0.000000       0.000000     1.000000     1.000000     0.000000        0.000000     1.000000     1.000000     0.000000        0.000000          1.000000         1.000000          0.000000              0.000000     1.000000     1.000000     0.000000        0.000000      1.000000     1.000000      0.000000          0.000000     2.000000     2.000000     0.000000       0.000000     1.000000     1.000000     0.000000       0.000000    55.800000    -1.100000      -1.648021    56.000000       21.100000     -0.400000         -1.690621    21.200000             77.800000           -1.700000               -2.030272          78.000000    107.000000    -8.000000       -6.349206   106.000000     69.000000    -6.000000       -7.594937    68.000000    64.000000   -22.000000     -21.321873    66.000000                 -1.000000                       -1.000000             -1.000000               0.000000                 0.000000             0.000000               0.000000             0.000000             0.000000              0.000000              0.000000                    0.000000              0.000000                0.000000             0.000000             0.000000                           -0.086957                                 -0.084270     0.000000     1.000000           1.000000     0.000000     0.000000     0.000000
50%       343.000000     2.000000     2.000000     0.000000         0.000000       1.000000      1.000000       0.000000           0.000000     2.000000     2.000000     0.000000       0.000000     3.000000     3.000000     0.000000         0.000000     2.000000     2.000000     0.000000       0.000000     2.000000     2.000000     0.000000       0.000000     2.000000     2.000000     0.000000        0.000000     1.000000     1.000000     0.000000        0.000000          1.000000         1.000000          0.000000              0.000000     1.000000     1.000000     0.000000        0.000000      2.000000     2.000000      0.000000          0.000000     3.000000     3.000000     0.000000       0.000000     1.000000     1.000000     0.000000       0.000000    66.000000     0.200000       0.326533    66.000000       23.300000      0.100000          0.379508    23.300000             84.000000            0.000000                0.000000          84.050000    116.000000     0.000000        0.000000   116.000000     76.000000    -1.000000       -1.098901    76.000000    93.000000     1.000000       1.470588    92.000000                  0.000000                        0.000000              0.000000               0.000000                 0.000000             0.000000               0.000000             0.000000             0.000000              0.000000              0.000000                    0.000000              0.000000                0.000000             0.000000             0.000000                            0.000000                                  0.000000     1.000000     1.000000           1.000000     1.000000     1.000000     1.000000
75%       357.000000     3.000000     3.000000     0.000000         0.000000       2.000000      2.000000       0.000000           0.000000     2.000000     2.000000     0.000000       0.000000     4.000000     4.000000     0.000000         0.000000     3.000000     3.000000     0.000000       0.000000     3.000000     3.000000     0.000000       0.000000     2.000000     3.000000     0.000000        0.000000     1.000000     1.000000     0.000000        0.000000          2.000000         2.000000          0.000000              0.000000     2.000000     2.000000     0.000000        0.000000      2.000000     2.000000      0.000000          0.000000     3.000000     3.000000     0.000000       0.000000     2.000000     2.000000     0.000000       0.000000    75.000000     1.400000       2.260391    75.200000       25.400000      0.500000          2.230898    25.500000             90.000000            2.000000                2.434080          90.000000    126.000000     7.000000        6.000000   125.000000     84.000000     5.000000        6.250000    83.000000   138.000000    23.000000      29.935897   135.250000                  1.000000                        1.000000              1.000000               0.000000                 0.000000             0.000000               0.000000             0.000000             0.000000              0.000000              0.000000                    0.000000              0.000000                0.000000             0.000000             0.000000                            0.085470                                  0.087464     2.000000     1.000000           1.000000     2.000000     2.000000     2.000000
max       365.000000     3.000000     3.000000     2.000000       200.000000       4.000000      4.000000       3.000000         300.000000     3.000000     3.000000     2.000000     200.000000     4.000000     4.000000     3.000000       300.000000     3.000000     3.000000     2.000000     200.000000     3.000000     3.000000     2.000000     200.000000     4.000000     4.000000     3.000000      300.000000     4.000000     4.000000     3.000000      300.000000          4.000000         4.000000          3.000000            300.000000     3.000000     3.000000     2.000000      200.000000      3.000000     3.000000      2.000000        200.000000     4.000000     4.000000     3.000000     300.000000     4.000000     4.000000     3.000000     300.000000   128.100000    13.300000      22.852234   130.700000       40.400000      5.200000         22.608696    40.700000            125.500000           42.000000               57.534247         124.000000    200.000000    42.000000       42.708333   186.000000    130.000000    35.000000       62.745098   111.000000  1068.000000   706.000000     452.564103   867.000000                  7.000000                        6.000000             11.000000               0.517241                 0.517241             0.258621               0.600000             0.413793             0.303030              0.419580              0.425532                    0.517241              0.422535                0.256410             0.422535             0.437956                            1.293103                                  0.839161     2.000000     2.000000           2.000000     2.000000     2.000000     2.000000